[
[33005 34157 32767 34276 33303 34276 33720 35905 33204 33542]
[33462 31873 33204 36501 32866 33244 32906 35190 30741 29371]
[29868 33005 38149 34197 31397 34773 37613 36004 30662 32628]
[33462 32807 31516 34137 34276 34395 35944 34376 34336 34058]
[35944 34952 33740 34217 34594 33502 33462 33959 33621 32211]
[33065 33383 33323 33542 35269 35130 34137 33442 33402 33978]
[33959 33482 34078 32985 34574 32310 33581 33343 33263 33184]
[34078 33224 32926 33681 32668 36222 34356 32231 33025 33760]
[33998 33363 34952 36222 34376 33323 34693 32370 33740 34475]
[32509 32191 33442 32727 34753 33323 37156 34197 38288 34356]

[33164 33502 34534 33621 33839 33780 35011 35309 33283 34574]
[33283 33720 33681 35071 30265 33422 34952 35071 32410 35249]
[35150 28140 35349 33780 31893 34157 34038 34296 34376 35110]
[34554 34832 32568 34018 33641 33343 33978 33780 33700 33621]
[32509 36620 31278 28060 42955 36898 33581 34554 33820 34217]
[31893 34713 34892 33859 34336 34276 34654 32628 34296 33462]
[32707 34991 35845 34356 33879 35329 34793 34276 32171 33899]
[35587 36898 34892 33105 33681 32827 32191 33462 34177 33720]
[35428 31933 34415 33621 34515 32846 31000 34376 34217 33820]
[33879 33402 33780 33959 34018 32052 31814 36183 33323 34872]

[34058 34435 33780 34733 31258 34078 33601 34376 34912 33085]
[32151 33204 33641 35051 33899 33700 33780 34773 34058 33482]
[34991 34872 34356 34376 34773 34832 33522 34634 34793 33919]
[34713 33879 34356 33859 33482 33343 33601 33442 33561 33482]
[33164 34276 34475 33224 40433 36044 31615 34912 30066 35905]
[34237 33740 33263 36064 37791 35289 33859 33780 36739 35627]
[35210 30503 32171 33879 33065 33184 33422 32906 35567 35051]
[38764 34852 34276 33561 31059 32926 33402 32668 33363 41406]
[34475 33542 32469 35448 34594 33542 31436 34237 33740 33422]
[34852 32807 32588 33363 33800 30265 33383 34673 34038 33919]
[33780 33681 34872 34594 33144 31774 33184 36064 30761 35488]
[33522 33740 32747 33760 34495 33978 34376 30841 34435 34137]
[32251 33442 35249 34117 33998 32370 35190 33323 33085 35508]
[33601 34276 33760 34098 33978 32668 35587 33760 33542 33383]
[34276 33899 33919 33859 33839 33879 33621 34177 33939 36242]
[31436 33363 35071 34058 33641 31139 33522 32549 33045 34117]
[33482 33681 32688 32608 33681 32211 30424 31834 34376 33879]
[33780 33859 32668 33839 34217 34078 34276 33303 33780 33601]
[34197 33978 34475 34098 33899 32310 37017 33482 33542 34197]
[34812 34356 33800 33065 34078 34276 33283 33661 34117 34713]
[34018 34634 33442 33005 33363 34336 33224 35369 33998 34376]
[32707 33402 33144 34634 34594 33402 34256 34614 34237 33899]
[35289 33422 35011 32211 34793 30563 35508 30106 36779 34078]
[32549 36719 33343 34376 33879 35071 39618 36659 33383 35408]
[33800 29590 31258 36620 33700 35488 33899 34177 33740 34217]
[34177 34078 33959 38030 35845 35488 34058 34197 33919 34038]
[33939 33978 34197 34078 34157 33204 33641 33542 34276 33681]
[33522 34058 34018 33899 33681 33244 33879 33959 33899 34098]
[34276 33720 34395 34296 32807 34356 36183 37414 35210 35746]
[34038 35071 33402 33482 34574 32966 33402 35388 34356 34852]
[33482 34276 32350 33442 34256 34773 33839 34157 34276 33859]
[36004 35289 34832 34038 33283 33383 35706 33105 34197 34157]
[33978 32469 34852 33939 34137 34197 34058 34356 33978 33164]
[34753 33581 34376 33402 34356 34117 35150 32688 32588 33263]
[34276 33978 34256 34157 34177 32410 34316 32410 30960 34693]
[36421 38467 34376 34991 33998 34058 35508 33621 30463 34376]
[35647 33978 35885 31238 34217 34733 35706 33859 33800 35845]
[34098 34078 34197 32271 34634 33681 34852 33561 33363 33998]
[33422 33839 33820 34237 34177 34415 35905 33224 34892 34654]
[33939 33462 32966 34137 34793 33959 32747 33820 34018 32489]
[34137 34296 33482 32985 34673 34356 34117 34376 33681 34753]
[33780 33859 33343 34971 35746 34495 33025 31635 32866 36044]
[34256 33542 33839 33263 33323 33005 32112 31357 32310 32608]
[35627 33879 35567 33978 33700 34952 35349 34475 34991 33661]
[33700 33402 33045 34098 33323 33800 33045 33859 33383 35428]
[34098 34058 35230 32707 33959 34952 34773 34018 33045 33998]
[34177 33005 34574 32648 33740 33303 33879 33502 34435 35091]
[34197 34475 34078 30046 31913 34038 33561 34773 34495 35408]
[33959 34415 33820 34356 32231 32330 33204 33760 34237 33998]
[34455 33402 34812 35647 33045 32052 33681 33422 34078 32707]
[34237 33661 33482 34316 34078 34177 34177 34058 34534 33720]
[34276 34356 34296 34117 34197 34157 34117 33800 33402 34276]
[34673 34256 33700 34316 33740 34634 34276 34098 33839 34276]
[33442 32509 34157 33005 32767 34713 34435 34495 36044 33919]
[32509 31714 34574 32946 33959 34078 34197 33959 34256 34276]
[34276 34157 34137 34197 34376 34455 33800 33879 32707 34098]
[32985 32707 33244 33700 34673 34177 34336 35408 35746 33561]
[33184 34435 33542 33978 31536 34356 37553 35786 35845 35170]
[34038 34237 34058 33978 32886 34117 36719 34515 35587 34117]
[34574 33263 34852 34415 33839 33959 33581 34157 36123 33760]
[33939 34475 35349 34554 33800 34296 34157 33224 33601 35130]
[36004 36342 34892 35686 34098 34078 33502 34237 33800 34634]
[33780 34475 34117 34574 33601 33681 33800 34276 33720 34177]
[33720 33939 33939 33939 34952 34276 34376 34475 34614 34773]
[34574 34217 33383 34395 34435 34435 33839 34673 34117 33859]
[33959 34098 34078 34376 34137 33998 34356 34177 34256 34058]
[33998 33998 34058 35686 34256 34078 34594 33581 34475 34157]
[35051 33760 33859 34793 34058 33303 34574 34177 34256 33363]
[34117 33422 33323 33561 34376 31377 32350 33363 32211 29431]
[36441 38069 34395 33740 34336 34991 33681 31695 33641 36461]


[32330 34793 33978 34495 34336 34376 34455 34018 34157 34058]
[34256 34157 34376 34256 34217 34495 34117 34177 34296 34018]
[34237 33998 34098 34177 33998 34137 34078 34515 34137 34435]
[33621 34177 34435 33661 34117 33502 31357 35130 35408 34018]
[34753 34376 34217 34952 33641 34376 34018 33998 34256 34157]
[34276 35905 35031 34713 34475 30940 32668 31119 32151 36997]
[31933 31933 35587 38208 34455 34475 34376 33661 33025 33780]
[34634 34376 34673 33859 33303 33959 34673 34495 33244 33681]
[33919 34614 34256 34356 31297 34256 34634 34475 34256 34693]
[34435 33839 34991 33780 33978 35805 35249 33601 33641 33959]
[34276 34018 33740 34018 34773 32966 34574 33760 33204 33482]
[34435 34078 34733 35369 32787 33244 35547 34971 34256 34177]
[33502 34177 34078 33581 34217 34673 34892 34117 33780 34078]
[34177 34852 35150 33978 33720 33720 34058 34475 34376 34217]
[33800 34356 34852 34038 33939 33740 34415 34217 34177 34217]
[34773 33105 34117 34177 33700 34177 34594 33442 33859 33780]
[34018 33899 34832 33859 33402 33740 34554 33720 34952 34852]
[34078 33462 33402 32628 34276 34356 33303 33998 33442 34356]
[33978 32827 33601 34276 34673 33105 34256 31039 32271 31953]
[34058 34078 35944 32310 35190 33839 34713 34733 33224 34316]


[34197 33859 33959 34256 33978 34058 33978 34256 34098 34157]
[34078 33641 34038 34832 33323 31873 33681 33959 34177 36083]
[33502 34932 35130 34614 34395 32707 33522 34356 35309 33402]
[33542 34376 34515 34157 33760 34276 34157 33800 34177 34098]
[33939 34117 33899 34197 34197 35408 35369 35349 34495 31615]
[33303 34793 34713 33760 34475 34574 34157 33820 34296 34157]
[33978 31853 34991 34395 33681 34078 33998 33124 32707 33700]
[33402 34952 34812 33641 33839 31714 34098 35190 33740 35329]
[35110 33045 33204 33720 33959 36481 34574 30920 33224 35746]
[33581 34852 35925 34753 34395 34415 34197 33780 34058 33899]
[33978 33641 34316 32370 30662 33363 36024 34098 31933 33244]
[34177 34415 34574 34157 34117 33919 33144 33879 34058 33859]
[34634 33224 35051 32707 34336 34614 32429 32827 34673 32231]
[33005 35071 32827 31417 31278 34117 34296 32211 33998 35091]
[35488 33581 35448 32449 33740 32310 32588 33244 35885 36798]
[34098 34852 33879 34852 34773 34574 35051 33919 34336 34078]
[33919 33780 33581 36361 33859 34217 34455 34455 34058 33502]
[33045 33661 35011 32906 33244 36719 34594 33939 33164 34912]
[33899 34177 33383 34952 35627 35805 35230 35845 35865 37851]
[34574 33045 33978 36322 33839 32588 32509 32906 33621 33601]


[33998 35508 34117 30046 33204 32489 32290 33025 33780 34276]
[33522 34276 32906 34316 34177 33561 34852 33581 33760 35051]
[32608 33303 34971 34852 34872 33462 33323 34455 34376 34078]
[34673 33859 33681 33978 34773 33859 34574 33978 33899 33939]
[33978 33879 34197 33859 34336 34018 34038 34276 34336 34078]
[34157 34137 34256 33919 33899 34753 34515 34336 34276 35190]
[34435 34137 34336 34852 33959 34515 34952 34376 34098 33303]
[34237 34197 33661 33978 34276 33879 34495 35408 34733 34078]
[33978 34376 33740 33462 34336 34693 34534 34117 34078 33959]
[33780 33978 34117 33263 34534 32966 34475 35170 32251 31913]


[35150 33859 33959 34078 34435 33820 34018 34276 33959 34256]
[33760 34276 33720 34098 33820 33780 34237 34038 33740 33780]
[33581 33879 33561 34693 35329 34137 34773 33740 34018 33542]
[33998 34455 33740 33383 34018 33303 34574 33998 33442 33998]
[33879 35408 34455 34316 33879 34356 33720 34296 34276 33859]
[34376 34256 33899 33740 34197 33998 34018 33740 34852 33700]
[34614 33780 34256 33402 34753 33482 33859 33681 34078 34495]
[34634 33959 32946 34038 34078 34157 34098 34237 34217 33998]
[34177 33978 34256 34137 34256 34018 33959 33919 34356 32787]
[33879 34098 34078 33760 34197 32787 33978 33978 34018 34197]
[34256 33978 34018 34058 34177 34117 33978 34693 33204 35666]
[33700 33402 33700 33005 33978 33402 32509 35686 34773 32429]
[34812 33959 33978 34217 34078 33859 34356 33422 36103 31933]
[34594 33204 34952 33065 33760 34594 33522 33442 34415 34534]
[34256 32807 34793 34256 33899 35190 34773 31198 33661 33820]
[34038 34177 33780 34276 33800 34098 34157 34376 34475 34038]
[34713 34594 33939 33919 33820 33184 34276 34098 32767 34217]
[34058 34415 33601 34276 34117 34177 34793 34435 34137 34018]
[33959 34197 33978 34256 34177 33919 34495 34376 33065 34157]
[33005 32410 31953 34237 33601 33899 34038 32707 35130 34177]
[34098 34376 34654 34217 33720 33482 34296 33661 35150 36560]
[35269 33879 34256 34296 34058 33839 34038 34018 33978 33998]
[34058 34058 34237 33919 34117 33978 34276 34276 34038 34018]
[34316 33204 32489 35011 33343 35547 32608 34098 36322 35547]
[33303 33542 34554 31734 34952 33879 34018 34554 34117 34356]
[33919 33899 35329 34018 34614 34276 35647 35031 31933 34078]
[33780 33581 34018 34316 33621 35468 33780 34296 33720 33542]
[32747 35091 33601 34137 34793 34991 34753 32807 34376 35190]
[34952 36262 29391 33899 34534 33740 35607 34872 33820 34256]
[33105 35210 34971 34574 33978 33978 33720 34832 33105 35408]


[33978 34137 34117 33859 34177 33800 33899 33879 33760 34177]
[33621 34237 34058 33641 32529 33978 33323 35249 35269 34693]
[34197 33303 34098 36143 34276 31834 34892 32946 33005 35210]
[34892 34733 35488 33601 35627 33164 34078 33681 34395 33978]
[34276 34078 33959 34117 34038 33700 34157 34276 33879 34395]
[33780 33780 34137 34038 34217 33959 33283 34018 34713 34475]
[34177 34157 33919 35249 36044 35766 33363 34316 34197 33681]
[34038 34673 35388 32568 31436 34673 32926 33244 35170 34276]
[31873 30980 31139 32668 34276 30583 33164 32906 35984 33124]
[30980 31158 29113 34971 33204 31714 31337 40870 32807 25399]


[33581 34475 34852 34693 35249 33780 33343 33303 34376 32906]
[33919 33263 34534 33005 34137 33978 34117 34515 34693 34654]
[33522 33681 33681 33482 33720 34554 35944 33681 33959 34773]
[36183 30821 36719 36640 33939 34693 33601 33581 33283 33224]
[35011 32886 33800 34217 33839 34932 34098 34376 34475 34475]
[33820 33800 33859 32906 33105 34475 34495 35805 34296 34177]
[34336 35031 33700 33978 35746 33641 34415 37076 34157 35031]
[33303 34773 33442 34078 35269 34058 32310 33482 35011 33879]
[33224 34634 35408 34336 33561 32807 35150 34078 33283 33720]
[34316 34256 34455 33681 33482 34812 33998 34137 32807 33184]


[33244 36242 36381 34932 34157 33065 32767 32469 33939 32906]
[33204 34276 32846 34078 32707 33482 34098 33204 34634 34534]
[33542 32350 36024 31774 33383 33164 33581 33402 34515 35488]
[35508 34336 33303 34574 34376 35547 34693 32330 36481 33085]
[35686 34256 32529 33184 35110 33939 31615 34197 33879 33700]
[34475 34098 33720 34038 34395 33879 33720 33760 33522 33859]
[32846 33839 34098 34316 34018 34078 33879 33343 34177 33402]
[33700 33661 34376 34356 33363 33402 34634 33005 33720 33263]
[34475 34395 32807 34475 34018 35170 33482 34435 34038 35349]
[33422 34673 34276 34316 33621 34177 33621 33383 33720 33978]


[33740 33581 34217 34058 34812 34256 33244 33581 34296 34058]
[33204 34673 34256 34634 34574 35031 33978 34276 34892 33820]
[33581 33363 32807 34415 34177 32985 33978 34137 32668 34634]
[33164 33621 34634 34137 36520 36997 33681 33800 35925 38169]
[34256 36163 32271 34395 34991 32549 31655 34098 35190 37374]
[36322 33025 33899 35786 33164 34316 34475 32886 34534 34415]
[30225 32608 34157 33601 34157 34534 34991 35309 33085 32390]
[34812 33978 33820 33303 33482 33760 35210 33025 32707 32866]
[33363 35289 34038 32787 31754 32985 33800 34773 34952 32509]
[32112 33978 34574 32946 33760 34475 33740 33700 33204 33780]


[33025 33939 33124 32946 33959 31377 32032 35508 32727 35488]
[34018 34276 36064 39201 34276 32767 33601 32628 34177 34395]
[33204 33462 34634 32052 33859 33402 34952 33700 33581 33879]
[33581 34455 33561 33383 34574 33820 34078 33263 34415 31992]
[35071 33978 33780 33422 33839 35428 34634 32509 33879 33661]
[34852 35091 33482 34058 34793 34713 34058 35805 34952 35150]
[33919 34395 35607 34157 34058 33740 32906 35408 34852 32846]
[31436 32211 31536 33283 32410 33581 34177 34773 33204 34435]
[35428 34058 34078 34554 33820 32211 35349 32012 33402 33681]
[34137 34217 34574 33244 33204 33839 34217 33343 33025 32807]


[34971 35289 33045 37573 37017 35647 30801 30384 32151 34475]
[33879 32985 34673 35686 37930 33859 36719 35150 33959 33978]
[34078 34296 33283 34852 34872 32886 34554 34753 34534 34932]
[33820 32489 34952 35825 32489 34058 35786 35448 34554 35448]
[34495 35269 35527 32747 34932 33919 34177 35885 34078 33939]
[34256 33621 36103 33025 33978 34117 33740 34554 32568 33740]
[35249 33780 33005 34356 33978 33661 34832 32231 34276 34117]
[34733 34117 34296 34574 33800 33780 33899 33621 32310 33720]
[33998 34654 34296 34932 33542 33919 34117 33780 33124 33859]
[35150 33462 36222 34634 34117 33959 33085 34515 33978 34276]


[34137 34912 33879 31873 33700 33402 34852 34256 34455 33184]
[33402 33998 33402 34237 33482 37196 35944 36679 34098 33839]
[34117 34058 33641 34038 34117 34117 34217 33601 34078 34098]
[34078 33740 32767 34356 34058 34137 34713 34773 33204 33661]
[34177 33780 33760 34177 34475 34256 34177 34455 34435 34276]
[34237 33859 33879 34018 33939 33978 33879 33780 34078 34197]
[33859 34177 34395 33939 33919 33899 34177 34137 34356 33681]
[33720 33800 33919 33740 33859 33998 34435 33978 34157 34296]
[33839 33998 33720 33422 34018 33978 33959 33720 34356 33681]
[34177 34078 34137 34356 34554 34018 34276 34157 33879 34237]


[34078 34078 33978 34058 34336 34296 34276 34078 34078 34058]
[33839 34753 33879 33859 34018 33422 33919 33581 33641 33105]
[34812 34137 32807 35349 34912 33263 34693 32886 34237 34256]
[34177 35051 36520 32747 31337 35329 34574 31516 36282 35547]
[35448 39460 34038 34693 33641 34276 34773 33641 34177 33978]
[34117 33959 33204 34376 34058 33939 33462 34117 33641 33959]
[33879 34376 33959 33820 34256 33581 34117 34515 33323 33303]
[34475 34157 33283 34058 33740 33978 34078 34117 34098 33720]
[33522 34673 34316 33800 33621 34574 34415 32966 34038 34276]
[33720 33681 34336 33879 34197 34415 34912 33859 32568 33720]


[33760 33681 34693 34078 34256 33919 34356 34673 34078 34912]
[34098 33939 33939 34872 35408 32489 35091 33959 33402 34256]
[33939 32549 34733 33303 32608 33978 32866 32529 35726 33820]
[34276 33442 35527 33939 32271 38069 32469 32092 34614 35408]
[39142 32727 35150 33005 34376 34177 33621 34336 34515 33343]
[33978 35786 34812 33820 34098 34594 33581 33442 34932 35051]
[34237 35647 32707 32688 34415 33720 33045 36759 31079 33601]
[33542 33899 31933 33522 33740 36222 34376 34594 36163 35130]
[35091 34773 31317 30543 32946 32668 37116 35051 34117 34177]
[31992 33502 34376 33482 36441 31258 32767 26492 31377 34296]


[33919 33939 33978 34217 33561 33581 34415 33978 33978 34256]
[33839 33542 33879 33939 34495 34376 33581 34356 34177 34276]
[33303 33959 33641 33462 34872 34773 34356 36222 33621 33204]
[33244 33045 33681 33502 34038 33839 34177 34177 34276 34038]
[34276 33978 34276 33581 34594 32608 34098 34316 34693 33581]
[34376 33879 33144 33879 35190 33482 36322 35825 34137 33581]
[33661 34654 33740 33402 34137 34812 33303 34177 32906 34276]
[34058 33939 33720 33740 34475 34534 33105 35726 33919 33978]
[34157 34117 32151 34991 34534 34078 34515 35230 34654 33978]
[34058 34336 33780 33681 33244 34852 33402 34336 35051 34614]


[34177 34038 33681 33303 33482 33879 33025 35051 35190 33978]
[33383 35011 34852 36898 33065 33919 33204 33105 35230 34078]
[33105 34952 33661 33760 33482 34892 33581 33164 34395 33144]
[34515 33522 34137 33144 34376 34673 34117 34376 34018 33780]
[34177 33919 32747 34098 33859 33422 34177 33978 35349 34534]
[33482 33542 34455 33800 33522 33561 33502 34296 34197 34435]
[34773 34237 35547 34713 33780 35388 32827 33820 32886 33760]
[34237 33939 34177 35210 32112 35746 31556 34058 34713 33780]
[34157 34256 35051 33978 34495 35190 34376 33204 35289 33919]
[34515 34276 34117 34515 34495 33402 34654 33482 33800 34356]


[34415 34078 34117 34276 33939 34117 34177 33959 34276 34217]
[34773 34554 33661 33561 33859 34376 33998 33621 33224 34475]
[34256 34574 34554 32866 34157 33482 33263 33542 32946 34256]
[34177 34336 33105 34534 33422 34197 34832 33998 33760 33105]
[34256 34058 34256 34276 34177 34634 34455 33839 34117 34415]
[34832 34038 33780 33919 34177 33919 33740 34177 34276 32568]
[32032 36044 33959 34952 33859 33780 34038 33839 33343 35349]
[33482 33998 34256 34773 33879 34574 32032 34614 33005 33899]
[32846 32628 32072 33720 34078 33720 34177 33601 34614 32807]
[33124 34356 34952 34594 34276 33522 33263 35091 32727 35210]


[34594 35031 33303 34256 34912 33700 33978 33581 34376 34078]
[33978 33760 33383 34117 34038 34177 33740 34415 34217 34058]
[34098 34098 34018 34177 33879 33998 33919 34217 35249 34018]
[33303 33720 34773 33700 34634 34276 34495 34058 33502 33482]
[34256 34395 33502 33581 35150 34316 35289 34336 34296 34098]
[34117 33740 33879 34336 33005 33462 34078 33383 33780 33164]
[33879 32707 34296 34038 30761 33581 36302 33204 34753 35269]
[33780 34137 31278 33800 34157 35190 33224 35349 33363 33045]
[33025 33363 33383 33641 34673 33204 33621 35845 34475 33820]
[33998 32211 32310 36083 32469 34177 33661 33383 34812 33978]


[33065 32112 34673 34276 35369 33204 34594 33522 33939 34753]
[34415 34018 33502 34237 33542 33919 33899 32588 35110 32807]
[35527 33839 34137 35448 33919 34455 33542 33402 32132 31933]
[34634 34237 34912 34574 33482 34256 34614 34415 34634 34673]
[33402 34256 33879 34415 34435 34157 32529 35647 34078 33839]
[33065 32588 33581 34117 32747 33164 33224 34117 34376 35647]
[32628 32926 34177 35071 34713 32529 34256 34098 34554 34574]
[34117 34177 34197 33959 34634 33720 34594 33184 34673 35448]
[34872 34832 33681 34177 33780 33303 33859 33402 32886 33641]
[34952 34991 36898 34157 34594 32787 32509 34832 32112 35925]


[33820 31357 34435 34852 35051 33542 31337 33383 33879 34276]
[31774 37791 32271 32827 35547 36421 33681 33561 34376 34852]
[32509 34197 34157 32132 34078 34376 32568 33879 29391 34773]
[37771 35706 34952 33959 33402 33442 34137 34098 33998 33879]
[34177 33839 34197 33641 33859 33959 33641 34078 33899 34475]
[33760 34912 33263 32151 31853 36501 34356 30245 34276 34991]
[33899 34197 34852 33105 34376 34971 34376 33700 33303 34078]
[35289 32767 34475 34137 33978 33859 34932 34296 34793 38546]
[37037 33621 33561 35150 34078 33303 34316 34098 34237 34078]
[34058 34415 33482 33959 33542 33939 33839 33879 34356 34773]


[33939 34018 33939 34058 33998 33919 33581 34098 34038 33939]
[33959 33919 33978 33978 33760 34078 34038 33879 33939 33681]
[33800 34058 34495 33561 34157 33978 33879 34634 32727 34098]
[33601 33879 33720 34137 33820 33959 33919 34078 33998 34078]
[33998 33800 33978 33839 33720 33780 34574 34296 32608 35964]
[34594 32966 34276 33482 34177 33681 33978 34018 34376 34376]
[34237 32707 33978 34912 34316 33045 35786 34058 32350 34932]
[33740 33204 33978 33998 34058 34157 33780 33839 33839 33760]
[33700 34078 33998 34078 33859 33780 33998 34217 33899 33422]
[33939 33780 34117 34038 33383 34078 34455 33899 34773 33859]


[34177 33978 33740 34435 34673 34773 33204 34197 33899 34098]
[32429 33998 33323 34832 34654 33581 34316 33919 33939 34376]
[33800 33859 34177 34018 33800 33720 33879 34038 33939 33939]
[33899 34018 34157 33998 34435 33939 31754 37215 34217 30900]
[33879 34475 33303 34435 33839 34534 33283 33105 33978 33959]
[33303 35408 35170 34435 33820 34078 33959 34058 33879 34078]
[33780 34018 34058 34276 34098 34912 34256 33502 33879 34058]
[33402 33760 34078 34276 34098 34475 34117 34098 33641 34673]
[33919 32310 33263 33978 32410 33581 33681 33978 33343 33621]
[33899 34137 33700 34098 34276 33681 35865 34435 34256 35190]


[33859 34058 33522 32985 33978 33720 31853 33800 34078 34475]
[33045 34137 33939 32866 35110 33879 33780 34773 33879 34475]
[32966 33561 34356 34018 32648 34038 34098 33681 34038 35388]
[34733 34237 34137 33959 32032 30741 33581 34276 33879 33700]
[34137 34197 34058 34098 33919 33978 33998 34098 33919 33780]
[34058 33899 34256 33621 35805 34455 34197 34276 33998 33978]
[37533 33343 31834 32926 32886 34296 33422 35448 34296 34852]
[33700 32032 33780 36222 33780 32747 35845 34137 33681 33641]
[34098 33780 34376 33700 33899 34197 34078 33542 34018 33978]
[34078 33998 34018 33978 33978 33283 33105 34872 33184 34812]


[33700 34078 33760 34256 34336 33978 33919 34018 34137 34058]
[33839 34376 33879 33919 33780 33760 34773 33542 33124 31913]
[32985 33681 34475 33939 34316 34872 33859 33760 33740 32886]
[33422 34276 33978 34793 33144 33363 34276 33820 35289 34475]
[32727 32310 34177 34574 33542 32707 35051 33383 33700 34256]
[33740 33879 34574 33164 34673 33959 33879 34495 33740 33780]
[34256 33859 34296 33780 33939 34058 34376 33978 34018 34078]
[33700 34495 34177 34395 33581 34137 33800 34495 34952 33263]
[33839 34038 34773 33482 34773 32886 33085 34336 34415 34316]
[33681 36421 34654 34594 32906 32608 34475 33681 34495 34614]


[34495 34773 34773 34713 34078 34177 32549 33998 34237 33800]
[34395 34217 33323 33621 33720 35726 34256 33244 36222 34256]
[33939 34872 35647 32628 32668 35051 32946 33581 34117 33005]
[34475 33621 33244 33542 33681 34554 34793 34137 33522 34256]
[33919 34177 34038 34455 32211 34117 34356 33879 35051 33482]
[34892 35230 32668 34098 34276 33879 33839 34534 33422 33164]
[33760 33959 34554 33581 34713 35150 34733 32012 31794 33681]
[33661 33542 34197 34316 34177 33065 34971 33601 34515 33780]
[32906 32886 32390 34296 33978 35845 33462 33561 34296 33859]
[33681 33760 34634 34376 34256 34713 34892 34753 35031 34673]


[34177 33978 33780 34634 34296 33681 34594 33581 35428 34137]
[33700 34773 34078 34733 34673 34415 33065 33859 34554 35011]
[34177 34455 34078 33661 34177 33939 34197 33780 34256 34495]
[33700 33859 34137 33978 33800 35011 33879 34157 34078 33681]
[34237 34495 34098 32727 37176 33800 32906 33661 34395 34673]
[33700 33700 33978 33402 33879 34316 34574 34197 32827 33978]
[33859 34495 33978 33879 33581 34495 33859 33184 34554 33561]
[34812 33939 34078 34356 34078 34177 33760 33939 33462 33402]
[33820 33681 34534 34078 34157 33740 33919 34018 34137 35011]
[34058 33939 33780 34038 33998 33978 34713 34078 34256 34177]


[34197 34435 34018 34673 34078 33800 34376 33681 34395 33998]
[33959 34435 34415 34098 34058 33800 34316 34296 34455 33105]
[33978 34038 34177 34773 35150 33442 34435 33581 34336 33442]
[33899 34098 34594 34475 34356 33820 33581 33005 34475 33581]
[33561 33879 32946 34415 34773 33998 33839 36083 33959 34078]
[32767 31019 34157 34415 34117 34256 34018 33800 34217 33879]
[34614 34018 33820 33978 34316 34058 34197 33820 34038 33720]
[34276 34276 33879 34256 33542 33899 34932 34793 33859 35091]
[33065 35051 34276 34991 33820 35746 33998 33402 34058 34971]
[33720 33720 34177 33998 32906 32608 32807 32429 34078 34376]
]
,  gato  [34455, 33998, 33780, 33899, 34197, 33303, 33998, 34078, 34078, 34376],  [34038, 34058, 34415, 34058, 33978, 34078, 33720, 33820, 34038, 34117],  [34117, 34316, 34276, 34058, 34078, 34157, 33859, 34078, 34078, 34177],  [34276, 34117, 33939, 33879, 34098, 34078, 34376, 34038, 34336, 34078],  [33998, 34654, 33978, 33800, 34078, 34177, 33939, 34078, 33959, 34078],  [33899, 33978, 34038, 34197, 34078, 34078, 34038, 33978, 34058, 33919],  [34058, 34038, 34157, 34078, 34038, 34058, 34018, 34078, 33641, 34117],  [34058, 33959, 34038, 33998, 34078, 34078, 33978, 34177, 34177, 34018],  [33879, 33998, 34117, 34177, 34157, 34237, 33959, 33859, 33919, 34117],  [34197, 34177, 34078, 34197, 34117, 34256, 34078, 33959, 34098, 34217], [34018, 34534, 34832, 34336, 34356, 34117, 34117, 34197, 34078, 33879],  [34117, 34157, 34137, 34376, 33978, 34038, 34177, 33978, 34098, 34316],  [34117, 34177, 33800, 34078, 34098, 33978, 34157, 34197, 33998, 34098],  [33780, 33998, 34058, 34098, 34078, 34157, 34197, 34217, 34157, 34177],  [34038, 34117, 34137, 34157, 34137, 33879, 34018, 33998, 34078, 34356],  [33820, 33661, 33780, 34058, 33978, 34197, 34177, 34197, 34117, 34137],  [34256, 34197, 33978, 34217, 34276, 34237, 34395, 34098, 34276, 34217],  [34177, 34078, 33919, 34197, 33561, 33959, 34256, 34316, 34276, 34197],  [34177, 34177, 34336, 34117, 34455, 33839, 34157, 34078, 34038, 34058],  [33959, 34137, 34177, 34137, 34197, 34078, 33859, 34376, 34058, 34177], [34316, 33899, 33998, 33899, 34117, 34217, 34117, 33899, 34376, 33681],  [34217, 33919, 34197, 34117, 33959, 34078, 34276, 34276, 34316, 34137],  [33978, 34673, 34038, 34197, 34177, 33740, 34276, 34177, 34137, 33978],  [34157, 33323, 34078, 34654, 34038, 34078, 34415, 34435, 34078, 33820],  [33939, 34078, 34217, 34177, 33899, 33879, 34177, 34415, 34832, 34475],  [33959, 34495, 34098, 34296, 34157, 33244, 16205, 16641, 14119, 34157],  [31417, 13444, 34117, 34177, 34117, 33939, 34078, 34137, 34217, 33780],  [33978, 34237, 33879, 33919, 33820, 34376, 34356, 34177, 34256, 34098],  [34256, 34137, 34078, 34078, 34276, 34217, 33939, 34117, 33839, 34117],  [33919, 33978, 34177, 34217, 34217, 33978, 34237, 34197, 34078, 34276], [34376, 34256, 31000, 32151, 33919, 34574, 34157, 34058, 34177, 32608],  [34356, 34078, 34177, 34177, 34157, 34217, 33561, 34117, 34058, 34574],  [34098, 34137, 34217, 33978, 34078, 33820, 34038, 34237, 33879, 34197],  [34058, 34237, 34137, 34078, 34137, 34256, 34177, 34117, 34177, 34137],  [34157, 34117, 34157, 34098, 34177, 33363, 33899, 34256, 34356, 34296],  [34614, 34137, 34217, 33978, 34117, 34078, 34078, 34137, 33939, 34177],  [34038, 34078, 34098, 34018, 34058, 34237, 34117, 34018, 34157, 34177],  [34078, 34117, 34197, 34197, 34137, 34177, 34137, 34098, 34177, 34197],  [34078, 34078, 34137, 34098, 34098, 34455, 34078, 33879, 34117, 34157],  [34098, 33939, 34137, 34157, 33978, 34276, 34177, 34574, 33581, 34852],[33998, 34078, 34177, 34376, 34256, 34197, 33601, 34038, 34098, 34395],  [34038, 34157, 34157, 34217, 34177, 34038, 34078, 34078, 34157, 34078],  [34018, 33482, 34177, 34078, 34177, 34098, 34157, 34157, 34117, 33978],  [34157, 33978, 34157, 33978, 34117, 33879, 34078, 33998, 34197, 34177],  [33978, 34217, 34098, 34137, 33780, 34157, 34098, 34078, 34078, 33978],  [34395, 34137, 34078, 34157, 34157, 34058, 34177, 33959, 34415, 34038],  [33879, 34078, 34177, 34197, 33422, 34316, 34256, 34157, 34256, 33482],  [34058, 34157, 34554, 34197, 34475, 34018, 34018, 34237, 34177, 34197],  [34038, 34157, 34157, 34197, 34078, 33780, 34177, 33939, 34217, 34276],  [34137, 34475, 34058, 34177, 34197, 34157, 33859, 34395, 34098, 34276],  [33939, 33899, 33780, 33998, 33978, 34117, 32846, 35289, 33839, 34018],  [33959, 33720, 33998, 34475, 34793, 33621, 33760, 33939, 34157, 34177],  [34256, 34038, 32966, 34276, 34137, 33978, 33005, 34157, 34117, 34157],  [34117, 34157, 34296, 34098, 34356, 34157, 33998, 34098, 34177, 34237],  [34117, 34276, 33998, 34237, 35269, 34197, 34098, 34296, 34078, 34117],  [33780, 34515, 34137, 34117, 34157, 34117, 34177, 34078, 34058, 33780],  [34078, 34038, 33879, 33978, 34197, 34157, 34177, 34276, 34078, 34078],  [34078, 34256, 33879, 33899, 34177, 34177, 33939, 34078, 34078, 34098],  [34157, 34157, 34117, 34157, 34058, 33661, 34475, 34137, 34177, 34197],  [33919, 34078, 34177, 34038, 33522, 34217, 34078, 34177, 34415, 34157],  [34157, 34078, 33144, 33800, 34078, 34078, 33581, 34912, 34177, 34197],  [34157, 35428, 35011, 34217, 34078, 33839, 34594, 33939, 33998, 34812],  [34237, 34137, 33899, 33621, 34078, 33740, 34634, 34276, 34018, 33978],  [34078, 33959, 34316, 33879, 34117, 33839, 34038, 34038, 33978, 34137],  [34356, 34753, 34773, 34256, 34117, 34554, 34515, 33879, 34098, 34117],  [34177, 34475, 34018, 34137, 33939, 34237, 33939, 34197, 34177, 33998],  [33839, 34793, 37057, 32787, 34356, 34316, 33105, 34157, 34197, 33859],  [33978, 33978, 34276, 34376, 33978, 34177, 36838, 36163, 34177, 34415],  [34157, 34038, 34217, 34058, 34217, 34038, 34316, 34594, 33978, 33939],  [34078, 34415, 34415, 34177, 33919, 34455, 34634, 34475, 34177, 34038]





///////////////////////////////// Variables Red Neuronal /////////////////////////////////
double a0[10];
double W1[2][10] = {{-0.1159003,0.35219643,0.5905676,-0.2870028,0.011987732,-0.20487653,-0.61676157,-0.48574302,-0.061449666,-0.07331486},{0.8178369,-0.041178703,0.069490455,-0.51846415,-0.25196758,-1.0273029,-0.5579937,-2.7561378,-1.7380555,0.090650566}};
double a1[2];
double W2[1][2] = {{-2.2262938,4.2875624}};
double a2[1];
double b1[2]= {-1.2296512,0.16868275};
double b2[1]= {1.1835334};
double aux = 0.0;
//////////////////////////////////////////////////////////////////



///////////////////////////////// Preprocesamiento Red Neuronal /////////////////////////////////
double mean[10]={34008.35,33966.9695652174,34026.6608695652,34036.2434782609,34030.0847826087,33969.6739130435,34018.4717391304,33972.352173913,33957.7739130435,34120.2630434783};
double dstd[10]={882.18824109,1362.3971533373,911.8849864258,947.6200494447,991.3688249888,923.0300139815,1275.8240752316,1318.4733175218,1303.725153156,1043.6162496149};
///////////////////////////////////////////////////////////////////////////////////////////////////////


///////////////////////////////// Estructura Red Neuronal /////////////////////////////////
for(int i = 0 ; i<2; i++ ) {aux=0.0;for(int j = 0 ; j <10 ; j++ ) { aux=aux+W1[i][j]*a0[j];} a1[i]=relu(aux+b1[i]);}
for(int i = 0 ; i<1; i++ ) {aux=0.0;for(int j = 0 ; j <2 ; j++ ) { aux=aux+W2[i][j]*a1[j];} a2[i]=sigmoid(aux+b2[i]);}
//////////////////////////////////////////////////////////////////////////////////////////